-4.067594149088733 -3.2671362614629107 [1. 0. 0. 0.]
-4.76717147310695 -3.3239587588946424 [1. 0. 0. 0.]
-4.226050910266745 -5.257514082105949 [1. 0. 0. 0.]
-5.952493204749735 -4.4201027420542705 [1. 0. 0. 0.]
-3.819359500205964 -3.553500150461326 [1. 0. 0. 0.]
-4.711247512112761 -2.76584730436809 [1. 0. 0. 0.]
-3.3445009500013616 -4.356851467274461 [1. 0. 0. 0.]
-3.5388795437366087 -2.6301300607533395 [1. 0. 0. 0.]
-4.682404124199115 -4.148809814827893 [1. 0. 0. 0.]
-2.1566709457167645 -4.323054247629133 [1. 0. 0. 0.]
-4.098197057589756 -4.862538870175651 [1. 0. 0. 0.]
-4.16277825900984 -5.574072501672269 [1. 0. 0. 0.]
-6.344694856419042 -3.0077461082496315 [1. 0. 0. 0.]
-3.4871415562764883 -3.9655787630522914 [1. 0. 0. 0.]
-4.114412528743291 -3.5726696841327965 [1. 0. 0. 0.]
-4.044411178921858 -3.977231266832011 [1. 0. 0. 0.]
-2.777425777001233 -5.173973618012663 [1. 0. 0. 0.]
-3.2591153977135345 -4.242110291276713 [1. 0. 0. 0.]
-4.218277553150153 -4.368931726119292 [1. 0. 0. 0.]
-3.8364212091845293 -3.5400772348009024 [1. 0. 0. 0.]
-4.91778977372818 -3.385395596819767 [1. 0. 0. 0.]
-3.7748663368078827 -3.2368987181433386 [1. 0. 0. 0.]
-2.685943137691818 -4.214005817299546 [1. 0. 0. 0.]
-3.27390340851439 -5.814455962502811 [1. 0. 0. 0.]
-6.001149558429827 -4.847977176658753 [1. 0. 0. 0.]
-5.389507927601953 -2.904511532575822 [1. 0. 0. 0.]
-5.096314258152616 -2.4515012280995014 [1. 0. 0. 0.]
-2.425988700643847 -2.6413605114989354 [1. 0. 0. 0.]
-5.221698776284438 -5.070056177188139 [1. 0. 0. 0.]
-4.075110093124706 -4.448429191373223 [1. 0. 0. 0.]
-5.243451193620322 -4.52837224493876 [1. 0. 0. 0.]
-3.968093149208633 -4.63011622994273 [1. 0. 0. 0.]
-4.538879466916792 -4.3198027360249664 [1. 0. 0. 0.]
-4.729155240618407 -3.8596663975878025 [1. 0. 0. 0.]
-3.255068642454574 -2.2684391509015613 [1. 0. 0. 0.]
-3.3182926059696545 -3.363012604416431 [1. 0. 0. 0.]
-5.375074431480472 -3.0837141707686557 [1. 0. 0. 0.]
-5.68889146425503 -3.792950452692149 [1. 0. 0. 0.]
-3.4593131403584634 -3.599132893977639 [1. 0. 0. 0.]
-5.672888149413917 -3.504763744422837 [1. 0. 0. 0.]
-4.9342698255237405 -2.7345747139329797 [1. 0. 0. 0.]
-5.269883586086782 -4.127646168717756 [1. 0. 0. 0.]
-3.910691341011573 -3.787856312007653 [1. 0. 0. 0.]
-4.1167486610015285 -2.2425849153779023 [1. 0. 0. 0.]
-7.130132321813754 -4.322268888858762 [1. 0. 0. 0.]
-3.323105097364701 -2.973450815210019 [1. 0. 0. 0.]
-4.518678501963247 -4.266421232831174 [1. 0. 0. 0.]
-2.32178294019264 -4.832558400312863 [1. 0. 0. 0.]
-5.298836770643978 -6.435734128662261 [1. 0. 0. 0.]
-2.729067530921644 -4.1543104755678195 [1. 0. 0. 0.]
5.11698856324186 3.3401121374683576 [0. 1. 0. 0.]
2.5830445819816434 5.210147081702999 [0. 1. 0. 0.]
1.9399293557122523 2.3965820963665845 [0. 1. 0. 0.]
4.272928727759493 2.68461419775769 [0. 1. 0. 0.]
5.774143108828376 4.109416303863422 [0. 1. 0. 0.]
3.218647350394245 4.828372649499229 [0. 1. 0. 0.]
3.859772554270994 3.131042689637338 [0. 1. 0. 0.]
2.7933401489617062 4.643639592458507 [0. 1. 0. 0.]
4.914847990277969 1.360479336733957 [0. 1. 0. 0.]
2.833431402831338 3.7827005991291416 [0. 1. 0. 0.]
4.774746254968548 3.9764468659027576 [0. 1. 0. 0.]
5.822447545169797 2.59020320309972 [0. 1. 0. 0.]
3.59916886530706 6.212988355937412 [0. 1. 0. 0.]
3.882987139056446 3.248387428033641 [0. 1. 0. 0.]
3.854779402094448 3.151380043953771 [0. 1. 0. 0.]
3.0168162346589544 3.7720389668586938 [0. 1. 0. 0.]
4.380376646361638 3.7595549720609136 [0. 1. 0. 0.]
3.650822653460831 2.5657642651639234 [0. 1. 0. 0.]
3.741472252772387 4.502301937257186 [0. 1. 0. 0.]
3.156580954859073 4.0900631069972295 [0. 1. 0. 0.]
3.7909650811870645 5.462244628226548 [0. 1. 0. 0.]
4.8385040624757485 4.412038390042273 [0. 1. 0. 0.]
4.495789706220007 4.876457997021905 [0. 1. 0. 0.]
4.860315557488713 3.440233496197519 [0. 1. 0. 0.]
4.765231379547242 4.831156563830243 [0. 1. 0. 0.]
4.350031108801393 5.743669520264471 [0. 1. 0. 0.]
3.739395421133612 3.804703365168107 [0. 1. 0. 0.]
3.483931630725884 3.392578929462445 [0. 1. 0. 0.]
4.8608566143639464 4.482245217096346 [0. 1. 0. 0.]
3.004111233977392 4.274697981611072 [0. 1. 0. 0.]
4.421787694223273 4.5513676972938955 [0. 1. 0. 0.]
4.162884467395877 4.837325121143999 [0. 1. 0. 0.]
2.7133737855537294 3.917983458804978 [0. 1. 0. 0.]
3.0289965249995836 4.3644095391281885 [0. 1. 0. 0.]
3.507840970630253 2.963445652401716 [0. 1. 0. 0.]
2.909210830653783 3.7477555796599864 [0. 1. 0. 0.]
2.7827524688019585 3.3526600661785473 [0. 1. 0. 0.]
4.0449531650795425 2.425523970230862 [0. 1. 0. 0.]
3.8870781917465353 2.7275231815199463 [0. 1. 0. 0.]
4.109274962103443 5.931890732498021 [0. 1. 0. 0.]
4.696058955647226 2.767852542822723 [0. 1. 0. 0.]
2.362491331811217 3.4974518427845704 [0. 1. 0. 0.]
3.0514084249451114 3.2369151180540627 [0. 1. 0. 0.]
2.968180138928079 5.369201800185315 [0. 1. 0. 0.]
3.097409304173272 3.8929351565390458 [0. 1. 0. 0.]
3.91786266770075 4.180605845634214 [0. 1. 0. 0.]
5.2654703342703915 4.4447169552151085 [0. 1. 0. 0.]
3.4637772174920443 4.385826896732902 [0. 1. 0. 0.]
4.0256951026063135 4.361893515694831 [0. 1. 0. 0.]
2.2184130887680524 3.800348329530668 [0. 1. 0. 0.]
-5.656477333300873 3.1626150752132007 [0. 0. 1. 0.]
-4.023429458929166 4.083702054920133 [0. 0. 1. 0.]
-4.157892766839055 5.966714255027936 [0. 0. 1. 0.]
-3.9507732042103605 2.3851194480403084 [0. 0. 1. 0.]
-6.447902218781867 2.960494024861691 [0. 0. 1. 0.]
-4.1987119343928745 3.534993183894371 [0. 0. 1. 0.]
-3.674890037254489 4.27531294256948 [0. 0. 1. 0.]
-6.124815579132157 4.902073496993582 [0. 0. 1. 0.]
-2.9430660973833946 3.5526733216292086 [0. 0. 1. 0.]
-4.472407002762026 1.8620333490696628 [0. 0. 1. 0.]
-4.6874422365985495 5.101291068060042 [0. 0. 1. 0.]
-3.905754767244711 4.1233317277419745 [0. 0. 1. 0.]
-2.314119451553596 4.68586134972029 [0. 0. 1. 0.]
-2.9994161543656173 3.8656268112994017 [0. 0. 1. 0.]
-3.8647211950871787 3.3717387844589615 [0. 0. 1. 0.]
-5.748959194266137 4.655706725216998 [0. 0. 1. 0.]
-4.66197846913459 5.547735960001512 [0. 0. 1. 0.]
-3.572874956988013 3.834760852080501 [0. 0. 1. 0.]
-4.206279478749602 2.8719434528647736 [0. 0. 1. 0.]
-4.81198584224494 2.5347642849810805 [0. 0. 1. 0.]
-3.153455373995474 1.5909445063859664 [0. 0. 1. 0.]
-2.7235885376540234 6.068606027123877 [0. 0. 1. 0.]
-3.899921788164091 4.784421776123669 [0. 0. 1. 0.]
-3.4732207550861354 4.225113214735263 [0. 0. 1. 0.]
-2.717075206410148 2.858709939320316 [0. 0. 1. 0.]
-3.2136302764887694 4.039347082355148 [0. 0. 1. 0.]
-4.185153928736427 2.8183771992512217 [0. 0. 1. 0.]
-4.057738985402452 4.364948741919399 [0. 0. 1. 0.]
-1.8735844015968257 4.000478567509644 [0. 0. 1. 0.]
-3.7820643943076138 4.821420041404367 [0. 0. 1. 0.]
-6.42702215012818 3.914860517877438 [0. 0. 1. 0.]
-4.162802672637497 4.384332065383142 [0. 0. 1. 0.]
-4.350976608732977 4.438775859285945 [0. 0. 1. 0.]
-3.102663211509946 4.000323419217673 [0. 0. 1. 0.]
-3.92239201673239 6.261604658000337 [0. 0. 1. 0.]
-3.412069847560461 2.0479314396033876 [0. 0. 1. 0.]
-2.263225926253474 4.560223627925257 [0. 0. 1. 0.]
-2.940374405340483 7.1327850542992355 [0. 0. 1. 0.]
-4.053934966421252 6.358479385478173 [0. 0. 1. 0.]
-4.977461679390432 4.751903858966388 [0. 0. 1. 0.]
-2.939494997222295 4.289887871446154 [0. 0. 1. 0.]
-5.136452275780444 4.861860896456575 [0. 0. 1. 0.]
-3.780593995767301 3.5371377246323075 [0. 0. 1. 0.]
-4.378947673602014 5.237490975325788 [0. 0. 1. 0.]
-3.8715803619311293 2.334697165862915 [0. 0. 1. 0.]
-3.4406730583763476 1.2551539168751198 [0. 0. 1. 0.]
-4.4063598053806325 4.550405333566323 [0. 0. 1. 0.]
-3.530384342510572 3.328779935164007 [0. 0. 1. 0.]
-2.148991654470205 3.757066127554082 [0. 0. 1. 0.]
-3.4093336461516555 4.334007426087613 [0. 0. 1. 0.]
3.7867786920982582 -3.245744169390263 [0. 0. 0. 1.]
2.6892269648351133 -4.352087709235457 [0. 0. 0. 1.]
3.24334769200427 -6.58117686989166 [0. 0. 0. 1.]
5.080282560605697 -4.207391145564915 [0. 0. 0. 1.]
3.119477393591153 -4.005510766360497 [0. 0. 0. 1.]
4.853775315663965 -2.894806510870837 [0. 0. 0. 1.]
5.583770556635894 -1.47737852839162 [0. 0. 0. 1.]
2.7999787915073293 -5.395375415394616 [0. 0. 0. 1.]
4.65362821746788 -4.233236519098279 [0. 0. 0. 1.]
4.243417813280992 -3.7941956462340936 [0. 0. 0. 1.]
5.022156139773557 -4.497020104220295 [0. 0. 0. 1.]
4.500788828679903 -5.213842562907103 [0. 0. 0. 1.]
3.9073215377998802 -5.703127061768011 [0. 0. 0. 1.]
5.041948465249819 -5.112674016002098 [0. 0. 0. 1.]
3.9887751302995733 -4.6180973350283985 [0. 0. 0. 1.]
2.7318904248140816 -4.6298237291464925 [0. 0. 0. 1.]
4.285079974165244 -4.702559368727684 [0. 0. 0. 1.]
4.164342740796703 -3.672270840761242 [0. 0. 0. 1.]
3.171964719040412 -4.2247126529631895 [0. 0. 0. 1.]
3.3351986716699793 -4.284371302245208 [0. 0. 0. 1.]
4.2207401474750785 -4.12475950316329 [0. 0. 0. 1.]
4.360776259590323 -4.720031906922081 [0. 0. 0. 1.]
4.153886443884874 -5.247300628465755 [0. 0. 0. 1.]
1.9274384188073403 -5.275057042580553 [0. 0. 0. 1.]
2.779000247016746 -2.868500839114349 [0. 0. 0. 1.]
5.211177611464809 -3.774278108666903 [0. 0. 0. 1.]
4.8502856215602375 -2.4908702603726356 [0. 0. 0. 1.]
6.2131571735330455 -4.525523943167269 [0. 0. 0. 1.]
4.650910809730527 -3.679698396455492 [0. 0. 0. 1.]
4.075259435543644 -4.1331826732813575 [0. 0. 0. 1.]
4.110082304405786 -3.773128773648713 [0. 0. 0. 1.]
4.91691097562193 -3.566474293812237 [0. 0. 0. 1.]
4.556790805068982 -4.9760391556262675 [0. 0. 0. 1.]
3.6454614054387693 -3.3841424167712795 [0. 0. 0. 1.]
3.914208554841891 -3.0962425315655806 [0. 0. 0. 1.]
5.0447239431353665 -3.854242593666142 [0. 0. 0. 1.]
3.9925248611257307 -4.125835890162937 [0. 0. 0. 1.]
3.851762988063161 -2.4233249354403297 [0. 0. 0. 1.]
5.781973500998976 -5.9664730508473625 [0. 0. 0. 1.]
2.7180621151888475 -3.174096763306621 [0. 0. 0. 1.]
4.778213509412564 -3.2657316523470916 [0. 0. 0. 1.]
5.261484285248983 -5.581098715155891 [0. 0. 0. 1.]
2.9842215293319967 -4.483582422895985 [0. 0. 0. 1.]
2.4691969361467834 -4.768547280426565 [0. 0. 0. 1.]
4.386335714556528 -4.890503169306827 [0. 0. 0. 1.]
2.0912810849559276 -4.211778140232593 [0. 0. 0. 1.]
4.7465521241462 -5.129301445919844 [0. 0. 0. 1.]
2.9606148231203036 -4.010711414394516 [0. 0. 0. 1.]
2.998617317748714 -4.145827060376562 [0. 0. 0. 1.]
4.1871998427449855 -3.6791270210251668 [0. 0. 0. 1.]
